rank,uri,artist_names,track_name,source,peak_rank,previous_rank,days_on_chart,streams
1,"spotify:track:7lPN2DXiMsVn7XUKtOW1CS","Olivia Rodrigo","drivers license","Olivia Rodrigo PS",1,1,30,"7185708"
2,"spotify:track:4MzXwWMhyBbmu6hOcLVD49","Bad Bunny, Jhayco","DÁKITI","Rimas Entertainment LLC",1,2,100,"4212628"
3,"spotify:track:5QO79kh1waicV47BqGRL3g","The Weeknd","Save Your Tears","Republic Records",3,3,67,"3737544"
4,"spotify:track:0VjIjW4GlUZAMYd2vXMi3b","The Weeknd","Blinding Lights","Republic Records",1,4,436,"3708294"
5,"spotify:track:1xK1Gg9SxG8fy2Ya373oqb","Myke Towers, Juhn","Bandido","White World Music",5,6,50,"3128140"
6,"spotify:track:3tjFYV6RSFtuktYl3ZtYcq","24kGoldn, iann dior","Mood (feat. iann dior)","Records/Columbia",1,5,181,"3111062"
7,"spotify:track:7vrJn5hDSXRmdXoR30KgF1","KAROL G","BICHOTA","UMLE - Latino",2,10,107,"2926611"
8,"spotify:track:5vGLcdRuSbUhD8ScwsGSdA","CJ","Whoopty","CJ Music Group/T-Series",8,8,105,"2831641"
9,"spotify:track:27OeeYzk6klgBh83TSvGMA","The Kid LAROI","WITHOUT YOU","Columbia",6,7,71,"2776456"
10,"spotify:track:3YJJjQPAbDT7mGpX3WtQ9A","SZA","Good Days","Top Dawg Entertainment/RCA Records",5,9,43,"2665524"
11,"spotify:track:60ynsPSSKe6O3sfwRnIBRf","Doja Cat","Streets","Kemosabe Records/RCA Records",9,11,27,"2652985"
12,"spotify:track:35mvY5S1H3J2QZyna3TFe0","Ariana Grande","positions","Republic Records",1,12,107,"2520744"
13,"spotify:track:6f3Slt0GbA2bPZlz0aIFXN","Tiësto","The Business","Atlantic Records",13,13,103,"2504082"
14,"spotify:track:6Im9k8u9iIzKMrmV7BWtlF","Ariana Grande","34+35","Republic Records",2,14,100,"2439579"
15,"spotify:track:5nujrmhLynf4yMoMtj8AQF","Dua Lipa, DaBaby","Levitating (feat. DaBaby)","Warner Records",11,15,128,"2421919"
16,"spotify:track:2XIc1pqjXV3Cr2BQUGNBck","Bad Bunny, ROSALÍA","LA NOCHE DE ANOCHE","Rimas Entertainment LLC",2,19,72,"2386665"
17,"spotify:track:4saklk6nie3yiGePpBwUoc","BTS","Dynamite","BIGHIT MUSIC",1,16,170,"2376479"
18,"spotify:track:3VvA1wSxukMLsvXoXtlwWx","Boza","Hecha Pa' Mi","Sony Music Latin",14,20,73,"2351114"
19,"spotify:track:7hxHWCCAIIxFLCzvDgnQHX","Internet Money, Gunna, Don Toliver, NAV","Lemonade (feat. NAV)","Internet Money Records / TenThousand Projects",2,17,177,"2327789"
20,"spotify:track:0D75ciM842cdUMKSMfAR9y","Selena Gomez, Rauw Alejandro","Baila Conmigo (with Rauw Alejandro)","Selena Gomez Latin Project",18,18,9,"2290909"
21,"spotify:track:1XXimziG1uhM0eDNCZCrUl","Cardi B","Up","Atlantic Records",21,21,2,"2244088"
22,"spotify:track:31qCy5ZaophVA81wtlwLc4","Justin Bieber","Anyone","RBMG/Def Jam",4,22,37,"2122499"
23,"spotify:track:45bE4HXI0AwGZXfZtMp8JR","Tate McRae","you broke me first","RCA Records Label",12,23,211,"1985227"
24,"spotify:track:6ft4hAq6yde8jPZY2i5zLr","MEDUZA, Dermot Kennedy","Paradise (feat. Dermot Kennedy)","Universal-Island Records Ltd.",24,25,97,"1961290"
25,"spotify:track:1tkg4EHVoqnhR6iFEXb60y","Pop Smoke","What You Know Bout Love","Victor Victor Worldwide",5,26,153,"1949247"
26,"spotify:track:54bFM56PmE4YLRnqpW6Tha","Billie Eilish","Therefore I Am","Darkroom/Interscope Records",2,24,87,"1940530"
27,"spotify:track:1yoMvmasuxZfqHEipJhRbp","Maluma","Hawái","Sony Music Latin",2,31,191,"1865189"
28,"spotify:track:7qEHsqek33rTcFNT9PFqLf","Lewis Capaldi","Someone You Loved","Vertigo Berlin",4,27,760,"1846201"
29,"spotify:track:6cx06DFPPHchuUAcTxznu9","Joel Corry, MNEK","Head & Heart (feat. MNEK)","Atlantic Records UK",10,28,209,"1817790"
30,"spotify:track:6UelLqGlWMcVH1E5c4H7lY","Harry Styles","Watermelon Sugar","Columbia",4,29,448,"1815879"
31,"spotify:track:4loQgPwJHocL3dFwLfjb1J","Rauw Alejandro, Anuel AA","Reloj","Sony Music Latin/Duars Entertainment",25,34,103,"1776105"
32,"spotify:track:4Oun2ylbjFKMPTiaSbbCih","Cardi B, Megan Thee Stallion","WAP (feat. Megan Thee Stallion)","Atlantic/KSR",1,32,184,"1772970"
33,"spotify:track:2Oycxb8QbPkpHTo8ZrmG0B","Miley Cyrus, Dua Lipa","Prisoner (feat. Dua Lipa)","RCA Records Label",10,30,79,"1738776"
34,"spotify:track:7BIy3EGQhg98CsRdKYHnJC","Camilo","Ropa Cara","Sony Music Latin",34,37,17,"1706125"
35,"spotify:track:1rgnBhdG2JDFTbYkYRZAku","Tones And I","Dance Monkey","Elektra (NEK)",1,36,570,"1693484"
36,"spotify:track:2vBET2pmrQqafaS6zIaYta","Black Eyed Peas, Shakira","GIRL LIKE ME","Epic",35,35,53,"1680242"
37,"spotify:track:7ndTONDDRFGiPnnhOzOXxq","Manuel Turizo, Rauw Alejandro, Myke Towers","La Nota","Sony Music Latin/La Industria",21,38,121,"1649125"
38,"spotify:track:1HbA4N1MiOsPthALesGFR1","Shawn Mendes, Justin Bieber","Monster (Shawn Mendes & Justin Bieber)","Shawn Mendes LP4-5 PS/ Island",6,33,79,"1638465"
39,"spotify:track:7ytR5pFWmSjzHJIeQkgog4","DaBaby, Roddy Ricch","ROCKSTAR (feat. Roddy Ricch)","South Coast Music Group/Interscope Records",1,40,296,"1591811"
40,"spotify:track:0PvFJmanyNQMseIFrU708S","Pop Smoke, Lil Baby, DaBaby","For The Night (feat. Lil Baby & DaBaby)","Victor Victor Worldwide",6,39,219,"1584656"
41,"spotify:track:3Ofmpyhv5UAQ70mENzB277","Masked Wolf","Astronaut In The Ocean","Elektra (NEK)",41,43,23,"1584486"
42,"spotify:track:0zLCBJZSiELJf02ucPP9wb","SAINt JHN, Imanbek","Roses - Imanbek Remix","Columbia/B1 Recordings",2,44,421,"1553856"
43,"spotify:track:02MWAaffLxlfxAUY7c5dvx","Glass Animals","Heat Waves","Polydor Records",41,42,49,"1528518"
44,"spotify:track:2QjOHCTQ1Jl3zawyYOpxh6","The Neighbourhood","Sweater Weather","Columbia",33,41,166,"1521186"
45,"spotify:track:3PfIrDoz19wz7qK7tYeu62","Dua Lipa","Don't Start Now","Warner Records",2,46,464,"1504666"
46,"spotify:track:4y4spB9m0Q6026KfkAvy9Q","Justin Bieber, benny blanco","Lonely (with benny blanco)","Friends Keep Secrets/Def Jam Recordings/Interscope Records",5,45,114,"1485605"
47,"spotify:track:6zFMeegAMYQo0mt8rXtrli","Lil Nas X","HOLIDAY","Columbia",16,48,86,"1477538"
48,"spotify:track:0E4Y1XIbs8GrAT1YqVy6dq","Ed Sheeran","Afterglow","Atlantic Records UK",12,47,48,"1473969"
49,"spotify:track:5uEYRdEIh9Bo4fpjDd4Na9","Travis Scott, HVME","Goosebumps - Remix","Cactus Jack/Epic",49,50,23,"1444738"
50,"spotify:track:3Uo7WG0vmLQ07WB4BDwy7D","Taylor Swift","willow","Taylor Swift",1,49,58,"1366837"
51,"spotify:track:2gMXnyrvIjhVBUZwvLZDMP","Lewis Capaldi","Before You Go","Vertigo Berlin",17,52,444,"1364259"
52,"spotify:track:4xqrdfXkTW4T0RauPLv3WA","Conan Gray","Heather","Republic Records",11,51,200,"1362548"
53,"spotify:track:21N4Buj4xsyLb218lYle61","Sebastian Yatra, Guaynaa","Chica Ideal","UMLE - Latino",32,57,107,"1354147"
54,"spotify:track:5RubKOuDoPn5Kj5TLVxSxY","Bad Bunny","TE MUDASTE","Rimas Entertainment LLC",3,55,72,"1352539"
55,"spotify:track:20McUFi8KCIVdNDLrkTDuZ","HVME","Goosebumps","Columbia/B1 Recordings",26,54,89,"1334583"
56,"spotify:track:7uoFMmxln0GPXQ0AcCBXRq","Sia","Snowman","Monkey Puzzle/Atlantic",9,53,62,"1316062"
57,"spotify:track:2etHQJxIbV0soyPhelVs9Y","Saweetie, Doja Cat","Best Friend (feat. Doja Cat)","ICY/Warner Records",53,56,30,"1315164"
58,"spotify:track:7D7EH7MGyNHWSkqrszerI1","Camilo, El Alfa","BEBÉ","Sony Music Latin",39,60,64,"1291873"
59,"spotify:track:35UUpTmrcFXNIVIN26ujXl","Sech, Daddy Yankee, J Balvin, ROSALÍA, Farruko","Relación - Remix","Rich Music",11,61,156,"1278101"
60,"spotify:track:15OjBeqNX3bShsGYQbteRv","Farruko","La Tóxica","Sony Music Latin",19,64,155,"1272585"
61,"spotify:track:5u1n1kITHCxxp8twBcZxWy","Justin Bieber, Chance the Rapper","Holy (feat. Chance The Rapper)","RBMG/Def Jam",4,59,142,"1229034"
62,"spotify:track:2SAqBLGA283SUiwJ3xOUVI","Drake, Lil Durk","Laugh Now Cry Later (feat. Lil Durk)","OVO",2,62,176,"1213185"
63,"spotify:track:73nAK3HgQK8dak83Y2WQ8F","Camilo","Vida de Rico","Sony Music Latin",23,76,138,"1208154"
64,"spotify:track:73O30uMI7n6DuzBmbtO7kC","Anuel AA, Ozuna","Antes","Real Hasta La Muerte LLC & Aura Music Corp.",51,63,16,"1204769"
65,"spotify:track:1xQ6trAsedVPCdbtDAmk0c","Jawsh 685, Jason Derulo","Savage Love (Laxed - Siren Beat)","Columbia",1,65,240,"1199548"
66,"spotify:track:27X3qzgB0Show6qfw5wNOK","DJ Ivis, Tarcísio do Acordeon","Esquema Preferido","DJ Ivis",66,102,10,"1192889"
67,"spotify:track:2mM3gZ0BbPwPPMelbA8vgt","Milly, Farruko, Nio Garcia, Jay Wheeler, Amenazzy","No Te Enamores - Remix","Carbon Fiber Music",67,67,27,"1191529"
68,"spotify:track:7EWXP47VlXKO3r7mNxuWHw","Wesley Safadão, Os Barões Da Pisadinha","Ele É Ele, Eu Sou Eu","Wesley Safadao",68,135,23,"1185000"
69,"spotify:track:285pBltuF7vW8TeWk8hdRR","Juice WRLD","Lucid Dreams","Juice WRLD Mixtape / ISR P&D",2,69,999,"1166529"
70,"spotify:track:5y7DaS3jAc9eZzcSOoUIwU","Ozuna, J Balvin, Chencho Corleone","Una Locura","Aura Music Corp.",30,78,152,"1157186"
71,"spotify:track:21jGcNKet2qwijlDFuPiPb","Post Malone","Circles","Republic Records",1,66,525,"1153221"
72,"spotify:track:2bgcUk2A3jjKbCJ7KPquTi","Wisin, Myke Towers, Los Legendarios","Mi Niña","La Base Music Group/ WK Records",37,79,125,"1152470"
73,"spotify:track:3H7ihDc1dqLriiWXwsc2po","Topic, A7S","Breaking Me","Virgin",6,68,322,"1151818"
74,"spotify:track:0RiRZpuVRbi7oqRdSMwhQY","Post Malone, Swae Lee","Sunflower - Spider-Man: Into the Spider-Verse","Republic Records",1,74,842,"1148510"
75,"spotify:track:7eJMfftS33KTjuF7lTsMCx","Powfu, beabadoobee","death bed (coffee for your head)","Columbia",4,71,358,"1146815"
76,"spotify:track:6gBFPUFcJLzWGx4lenP6h2","Travis Scott","goosebumps","Cactus Jack / Epic",10,77,1278,"1144205"
77,"spotify:track:45S5WTQEGOB1VHr1Q4FuPl","Harry Styles","Golden","Columbia",21,70,112,"1143823"
78,"spotify:track:68mrW6gXHgupgSiDHgaDi5","Nicky Jam, Myke Towers","Polvo","Sony Music Latin",78,80,77,"1136403"
79,"spotify:track:0u2P5u6lvoDfwTYjAADbn4","Billie Eilish, Khalid","lovely (with Khalid)","Darkroom",19,72,1020,"1120828"
80,"spotify:track:0nbXyq5TXYPCO7pr3N8S4I","Roddy Ricch","The Box","Atlantic Records",1,81,422,"1112322"
81,"spotify:track:6v3KW9xbzN5yKLt9YKDYA2","Shawn Mendes, Camila Cabello","Señorita","Island Records",1,83,595,"1089139"
82,"spotify:track:2U5WueTLIK5WJLD7mvDODv","Juice WRLD","Wishing Well","Grade A Productions/Interscope Records",6,84,210,"1087946"
83,"spotify:track:0EhpEsp4L0oRGM0vmeaN5e","J Balvin, Dua Lipa, Bad Bunny, Tainy","UN DIA (ONE DAY) (Feat. Tainy)","Universal Music Latino/ NEON16",9,86,197,"1082642"
84,"spotify:track:4PEfJZpVjdclfzZ9XO8uDw","KEVIN ROLDAN, Bryant Myers, Lyanno","HASTA ABAJO","UMLE - Latino",84,92,21,"1078744"
85,"spotify:track:22LAwLoDA5b4AaGSkg6bKW","Lil Mosey","Blueberry Faygo","Mogul Vision/Interscope Records",8,95,364,"1074878"
86,"spotify:track:2tI4WyzqOOwC23S5m0kqcB","Pink Sweat$","At My Worst","Atlantic Records",71,82,90,"1065887"
87,"spotify:track:7szuecWAPwGoV1e5vGu8tl","The Weeknd","In Your Eyes","Republic Records",4,93,293,"1063522"
88,"spotify:track:03B2SfXuvDh1m9F4tqrX07","Sabrina Carpenter","Skin","Island Records",33,73,16,"1050708"
89,"spotify:track:7kDUspsoYfLkWnZR7qwHZl","mgk, blackbear","my ex's best friend (with blackbear)","Bad Boy/Interscope Records",36,85,181,"1050605"
90,"spotify:track:2b8fOow8UzyDFAE27YhOZM","Maroon 5","Memories","Interscope Records*",2,91,504,"1047621"
91,"spotify:track:3jjujdWJ72nww5eGnfs2E7","Harry Styles","Adore You","Columbia",3,87,427,"1043958"
92,"spotify:track:5YaskwnGDZFDRipaqzbwQx","ATB, Topic, A7S","Your Love (9PM)","Virgin",92,100,8,"1039449"
93,"spotify:track:2VxeLyX666F8uXCJ0dZF8B","Lady Gaga, Bradley Cooper","Shallow","A Star is Born OST",2,97,861,"1033515"
94,"spotify:track:55Am8neGJkdj2ADaM3aw5H","James Arthur","Train Wreck","Columbia",52,88,117,"1032079"
95,"spotify:track:0ofHAoxe9vBkTCp2UQIavz","Fleetwood Mac","Dreams - 2004 Remaster","Rhino/Warner Records",17,101,132,"1029796"
96,"spotify:track:1ere9b9vDw2N3m9d4uiXxa","Diego & Victor Hugo, Bruno & Marrone","Facas - Ao Vivo","Sony Music Entertainment",96,167,7,"1016352"
97,"spotify:track:6Hj9jySrnFppAI0sEMCZpJ","Juice WRLD","Robbery","Grade A Productions/Interscope Records",11,98,567,"1014645"
98,"spotify:track:59qrUpoplZxbIZxk6X0Bm3","Jason Derulo","Take You Dancing","Atlantic Records",26,89,195,"1012777"
99,"spotify:track:249gnXrbfmV8NG6jTEMSwD","BTS","Life Goes On","BIGHIT MUSIC",3,94,79,"1011960"
100,"spotify:track:0pqnGHJpmpxLKifKRmU6WP","Imagine Dragons","Believer","Kid Ina Korner / Interscope",15,103,1463,"1004038"
101,"spotify:track:3eekarcy7kvN4yt5ZFzltW","Travis Scott","HIGHEST IN THE ROOM","Cactus Jack/Epic",1,104,490,"1002980"
102,"spotify:track:2gqWRRCXnma9L8xQ1RdemQ","The Kid LAROI","SO DONE","Columbia",40,90,105,"999385"
103,"spotify:track:4RJz8NfIe09gpKMiRUWKhJ","Maluma, Lenny Tavárez, Justin Quiles","Parce (feat. Justin Quiles)","Sony Music Latin",35,112,169,"997601"
104,"spotify:track:4HYDUMY0xSpeBr0AMY9cUz","Jay Wheeler, DJ Nelson, Myke Towers","La Curiosidad","Linked Music / Dynamic Records / EMPIRE",19,116,229,"990523"
105,"spotify:track:0A1hoCfMLkiAgvhWkkucJa","Megan Thee Stallion","Body","300 Entertainment",54,106,77,"989795"
106,"spotify:track:3GtnId3Cm1Xa6joCj08nzW","Justin Quiles","Jeans","WEA Latina",31,115,163,"986421"
107,"spotify:track:11EnQRgRMJwMAesfkB5pnu","Lele Pons, Guaynaa","Se Te Nota (with Guaynaa)","Shots Studios & Music/10:22pm/Interscope Records",23,124,145,"978646"
108,"spotify:track:2Fxmhks0bxGSBdJ92vM42m","Billie Eilish","bad guy","Darkroom/Interscope Records",1,109,679,"976084"
109,"spotify:track:7m9OqQk4RVRkw9JJdeAw96","XXXTENTACION","Jocelyn Flores","Bad Vibes Forever / EMPIRE",2,108,1224,"966845"
110,"spotify:track:2rRJrJEo19S2J82BDsQ3F7","Trevor Daniel","Falling","Alamo",5,120,446,"955806"
111,"spotify:track:4Lt6GXGzYsa1tgkv3nGSTm","Jason Derulo, Nuka","Love Not War (The Tampa Beat)","Robots & Humans",101,118,43,"950198"
112,"spotify:track:4VXIryQMWpIdGgYR4TrjT1","Juice WRLD","All Girls Are The Same","Juice WRLD Mixtape / ISR P&D",22,121,518,"944018"
113,"spotify:track:6sPBi0qLI6KM3yXX56NxsA","Tarcísio do Acordeon","Meia Noite (Você tem meu Whatsapp)","Sua Música",77,189,31,"941260"
114,"spotify:track:7k4t7uLgtOxPwTpFmtJNTY","KAROL G, Nicki Minaj","Tusa","TUSA - Karol G & Nicki Minaj",3,139,456,"940718"
115,"spotify:track:1K5KBOgreBi5fkEHvg5ap3","Future, Drake","Life Is Good (feat. Drake)","Epic/Freebandz",3,117,392,"936676"
116,"spotify:track:1FP9s72rDYty6mfoOEYKnE","Robin Schulz, KIDDO","All We Got (feat. KIDDO)","WM Germany",78,110,41,"934298"
117,"spotify:track:5E30LdtzQTGqRvNd7l6kG5","The Neighbourhood","Daddy Issues","Columbia",91,114,123,"932805"
118,"spotify:track:2r6OAV3WsYtXuXjvJ1lIDi","Pop Smoke, A Boogie Wit da Hoodie","Hello (feat. A Boogie Wit da Hoodie)","Victor Victor Worldwide",81,105,151,"932652"
119,"spotify:track:79s5XnCN4TJKTVMSmOx8Ep","Pop Smoke","Dior","Victor Victor Worldwide/Republic Records",34,123,329,"930981"
120,"spotify:track:48q0vSHcJdhK3IiXH8C5WJ","Arctic Monkeys","Why'd You Only Call Me When You're High?","Domino Recording Co",100,111,41,"925954"
121,"spotify:track:0JAZWvvqttGFm4UMDsPQXC","Ozuna, Camilo","Despeinada","Aura Music Corp.",33,141,155,"921680"
122,"spotify:track:2Y0wPrPQBrGhoLn14xRYCG","Juice WRLD, Marshmello","Come & Go (with Marshmello)","Grade A Productions/Interscope Records",2,122,211,"921435"
123,"spotify:track:5uCax9HTNlzGybIStD3vDh","James Arthur","Say You Won't Let Go","Columbia",7,113,1485,"918605"
124,"spotify:track:0tgVpDi06FyKpA1z0VMD4v","Ed Sheeran","Perfect","Atlantic Records UK",3,129,1424,"918526"
125,"spotify:track:26w9NTiE9NGjW1ZvIOd1So","Bad Bunny","BOOKER T","Rimas Entertainment LLC",12,126,55,"917772"
126,"spotify:track:6ocbgoVGwYJhOv1GgI9NsF","Ariana Grande","7 rings","Republic Records",1,127,742,"915099"
127,"spotify:track:0psS4i5YooJrXfDnGvWRLi","Billie Eilish, ROSALÍA","Lo Vas A Olvidar (with ROSALÍA)","Darkroom/Interscope Records",4,96,17,"912465"
128,"spotify:track:4C6BlqqMwjFzOXzqpTeoWR","Justin Quiles","Ponte Pa' Mi","WEA Latina",128,146,41,"911705"
129,"spotify:track:4u7EnebtmKWzUH433cf5Qv","Queen","Bohemian Rhapsody - Remastered 2011","EMI",10,150,888,"911347"
130,"spotify:track:6AGOKlMZWLCaEJGnaROtF9","Ritt Momney","Put Your Records On","Columbia",15,107,147,"910530"
131,"spotify:track:43CIWpJaJHRcI4mUSjqgc2","Juice WRLD, Young Thug","Bad Boy (with Young Thug)","Grade A Productions/Interscope Records",20,119,23,"907648"
132,"spotify:track:5m5aY6S9ttfIG157xli2Rs","Zé Neto & Cristiano","Alô Ambev (Segue Sua Vida) - Ao Vivo","Som Livre",91,-1,13,"906683"
133,"spotify:track:7fBv7CLKzipRk6EC6TWHOB","The Weeknd","The Hills","Universal Republic Records",133,144,66,"901225"
134,"spotify:track:7x4ASXYEKfQBCewcZhK776","KAROL G","Ay, DiOs Mío!","UMLE - Latino",12,145,211,"899350"
135,"spotify:track:78SeXVRJ7KCqVmOwTiFjnI","Bizarrap, NATHY PELUSO","Nathy Peluso: Bzrp Music Sessions, Vol. 36","DALE PLAY Records",74,143,62,"897698"
136,"spotify:track:017PF4Q3l4DBUiWoXk4OWT","Dua Lipa","Break My Heart","Warner Records",6,134,316,"896757"
137,"spotify:track:3rq5w4bQGigXOfdN30ATJt","Arctic Monkeys","Do I Wanna Know?","Domino Recording Co",120,125,44,"896680"
138,"spotify:track:7qiZfU4dY1lWllzX7mPBI3","Ed Sheeran","Shape of You","Atlantic Records UK",1,151,1471,"888244"
139,"spotify:track:6i7zAdNhzUN2k1HcrBxPHG","Ofenbach, Quarterhead, Norma Jean Martine","Head Shoulders Knees & Toes (feat. Norma Jean Martine)","Elektra France",50,138,144,"882575"
140,"spotify:track:3ee8Jmje8o58CHK66QrVC2","XXXTENTACION","SAD!","Bad Vibes Forever, LLC",1,148,1059,"878340"
141,"spotify:track:2tnVG71enUj33Ic2nFN6kZ","Regard","Ride It","Ministry of Sound Recordings",12,142,516,"876260"
142,"spotify:track:6ZuahEctZD6w75peme58hm","Shawn Mendes","Wonder","Shawn Mendes LP4-5 PS/ Island",12,128,127,"875435"
143,"spotify:track:4HBZA5flZLE435QTztThqH","Ariana Grande, Justin Bieber","Stuck with U (with Justin Bieber)","Ariana Grande & Justin Bieber ""Stuck With U""- Charity",1,131,273,"869931"
144,"spotify:track:2xLMifQCjDGFmkHkpNLD9h","Travis Scott","SICKO MODE","Cactus Jack / Epic",2,152,914,"868597"
145,"spotify:track:3dYD57lRAUcMHufyqn9GcI","Hozier","Take Me To Church","Universal-Island Records Ltd.",91,140,111,"865626"
146,"spotify:track:6EDO9iiTtwNv6waLwa1UUq","DJ Khaled, Drake","POPSTAR (feat. Drake)","OVO/We The Best/Epic",4,149,203,"864552"
147,"spotify:track:4G3PTss3mU33Tau7t4KbwE","Rauw Alejandro, Camilo","Tattoo - Remix with Camilo","Sony Music Latin/Duars Entertainment",21,158,211,"863719"
148,"spotify:track:7ju97lgwC2rKQ6wwsf9no9","Lady Gaga, Ariana Grande","Rain On Me (with Ariana Grande)","Interscope",1,136,259,"861686"
149,"spotify:track:2nZj5YymF54qhAu7RneVP6","Hugo & Guilherme","Coração Na Cama - Ao Vivo","Som Livre",149,-1,3,"854021"
150,"spotify:track:0QglpM23kl9ldvVdoYNZwF","Kawe, Mc Lele JP, Original Quality","Mds","OQProduções",148,166,17,"851402"
151,"spotify:track:2kJwzbxV2ppxnQoYw4GLBZ","JP Saxe, Julia Michaels","If the World Was Ending (feat. Julia Michaels)","Arista Records",37,137,446,"850603"
152,"spotify:track:2AceGjiX9isUbXmMZa0Dl1","Sia, David Guetta","Floating Through Space","Monkey Puzzle/Atlantic",58,58,2,"847459"
153,"spotify:track:1J14CdDAvBTE1AJYUOwl6C","Duncan Laurence","Arcade","Universal Music, a division of Universal International Music BV",14,153,33,"846830"
154,"spotify:track:1ZMiCix7XSAbfAJlEZWMCp","Harry Styles","Falling","Columbia",18,147,411,"846124"
155,"spotify:track:5rZlwNFl01HqLWBQGryKSm","Pop Smoke, Lil Tjay","Mood Swings (feat. Lil Tjay)","Victor Victor Worldwide",10,157,214,"840895"
156,"spotify:track:3U4isOIWM3VvDubwSI3y7a","John Legend","All of Me","G.O.O.D. Music/Columbia",77,156,696,"838494"
157,"spotify:track:7GLWWrk1YlkPYqJK3ynIA0","Jorge & Mateus","Lance Individual","Som Livre",103,-1,15,"834658"
158,"spotify:track:2kS6td1yvmpNgZTt1q5pQq","Mother Mother","Hayloft","Last Gang",127,155,41,"821555"
159,"spotify:track:0ZLuW8uOXdFNWcI40C0OC2","Jack Harlow, Tory Lanez, DaBaby, Lil Wayne","Whats Poppin (feat. DaBaby, Tory Lanez & Lil Wayne) [Remix] - Bonus Track","Generation Now/Atlantic",11,161,225,"820282"
160,"spotify:track:7FIWs0pqAYbP91WWM0vlTQ","Eminem, Juice WRLD","Godzilla (feat. Juice WRLD)","Shady/Aftermath/Interscope Records",3,154,379,"818658"
161,"spotify:track:696DnlkuDOXcMAnKlTgXXK","Arizona Zervas","ROXANNE","Arizona Zervas",2,175,465,"810224"
162,"spotify:track:7MXVkk9YMctZqd1Srtv4MB","The Weeknd, Daft Punk","Starboy","Universal Republic Records",1,177,518,"810200"
163,"spotify:track:2JTir3y1VuJQmexiTCMcTP","Os Barões Da Pisadinha","Recairei - Ao Vivo","Sony Music Entertainment",28,-1,69,"809516"
164,"spotify:track:1GkHyypTFkUf0QQKwYoXH4","benny blanco, Marshmello, Vance Joy","You (with Marshmello & Vance Joy)","Interscope / Friends Keep Secrets / Joytime Collective",51,132,9,"806558"
165,"spotify:track:0GzuHFG4Ql6DoyxFRnIk3F","Maluma, The Weeknd","Hawái - Remix","Sony Music Latin",13,176,92,"803815"
166,"spotify:track:1VLtjHwRWOVJiE5Py7JxoQ","Polo G","Martin & Gina","Columbia",110,160,105,"802199"
167,"spotify:track:41BzKiCrKpUQHS3TP0jmdr","Maluma","Agua de Jamaica","Sony Music Latin",118,165,7,"801451"
168,"spotify:track:4ga4WvRNhMsIL38pkBbnIN","Martin Garrix, Tove Lo","Pressure (feat. Tove Lo)","Epic Amsterdam",75,75,2,"798165"
169,"spotify:track:1A8990rtwHQ417l3yADe5t","Polo G","GNF (OKOKOK)","Columbia",99,99,2,"797133"
170,"spotify:track:4SFknyjLcyTLJFPKD2m96o","BLACKPINK","How You Like That","YG Entertainment",2,162,224,"794079"
171,"spotify:track:2ZRo7axmMPeSVUvDbGkJah","XXXTENTACION","Hope","Bad Vibes Forever, LLC",16,170,169,"792981"
172,"spotify:track:1f3yAtsJtY87CTmM8RLnxf","Nirvana","Smells Like Teen Spirit","Geffen",163,168,37,"786274"
173,"spotify:track:4i2qxFEVVUi8yOYoxB8TCX","Miley Cyrus","Midnight Sky","RCA Records Label",10,163,175,"785474"
174,"spotify:track:466cKvZn1j45IpxDdYZqdA","Drake","Toosie Slide","OVO",1,185,308,"784744"
175,"spotify:track:3Dv1eDb0MEgF93GpLXlucZ","Doja Cat","Say So","Kemosabe Records/RCA Records",5,181,390,"784534"
176,"spotify:track:0JP9xo3adEtGSdUEISiszL","XXXTENTACION","Moonlight","Bad Vibes Forever, LLC",2,187,926,"777308"
177,"spotify:track:6KfoDhO4XUWSbnyKjNp9c4","Conan Gray","Maniac","Republic Records",100,169,168,"776326"
178,"spotify:track:7B3z0ySL9Rr0XvZEAjWZzM","Clairo","Sofia","FADER Label",44,174,126,"770679"
179,"spotify:track:5ri4zqtWhG07hIuNNDWP76","Tones And I","Fly Away","Elektra (NEK)",155,173,25,"770625"
180,"spotify:track:3AJwUDP919kvQ9QcozQPxg","Coldplay","Yellow","Parlophone UK",148,172,53,"768346"
181,"spotify:track:6fmQjRuo7XvRFCK2qex5hQ","Jerry Di","Mi Cuarto","Nacho",43,192,172,"767754"
182,"spotify:track:62aP9fBQKYKxi7PDXwcUAS","Surf Mesa, Emilee","ily (i love you baby) (feat. Emilee)","Astralwerks",9,182,311,"765996"
183,"spotify:track:0nrRP2bk19rLc0orkWPQk2","Avicii","Wake Me Up","Universal Music AB",4,188,226,"765977"
184,"spotify:track:3lCbsHaN1wCxyDzcNN2x4N","Migrantes, Alico","Si Me Tomo Una Cerveza","LEB Records",64,-1,63,"763745"
185,"spotify:track:30bqVoKjX479ab90a8Pafp","Lil Peep","Star Shopping","Death Note Music, LLC",134,171,116,"756810"
186,"spotify:track:2mt1IqcFyY1zmYZT8Q3xw9","blackbear","hot girl bummer","Alamo",9,184,513,"756682"
187,"spotify:track:4aarlAfLKVCTxUDNgbwhjH","Megan Thee Stallion, DaBaby","Cry Baby (feat. DaBaby)","300 Entertainment",171,196,17,"756422"
188,"spotify:track:0hVXuCcriWRGvwMV1r5Yn9","Ed Sheeran, Justin Bieber","I Don't Care (with Justin Bieber)","Atlantic Records UK",1,194,610,"751749"
189,"spotify:track:1JSTJqkT5qHq8MDJnJbRE1","The Police","Every Breath You Take","Polydor Records",148,-1,99,"751160"
190,"spotify:track:3ZCTVFBt2Brf31RLEnCkWJ","Billie Eilish","everything i wanted","Darkroom/Interscope Records",1,183,446,"749687"
191,"spotify:track:2f0pn9DkEJwAzXApnFh5cr","BANNERS","Someone To You","Island Records",114,191,142,"745062"
192,"spotify:track:3w1WjD2zJqjBjDz5fwqQPJ","Jack Harlow","Tyler Herro","Generation Now/Atlantic",57,178,103,"742540"
193,"spotify:track:3jjBPF4NDMCU51psU8JPpR","Ariana Grande, Doja Cat, Megan Thee Stallion","34+35 Remix (feat. Doja Cat, Megan Thee Stallion) - Remix","Republic Records",5,186,23,"739945"
194,"spotify:track:4umIPjkehX1r7uhmGvXiSV","Justin Bieber, Quavo","Intentions (feat. Quavo)","RBMG/Def Jam",4,197,361,"737064"
195,"spotify:track:0WSa1sucoNRcEeULlZVQXj","Bring Me The Horizon","Can You Feel My Heart","RCA Records Label",121,179,21,"728961"
196,"spotify:track:3UoULw70kMsiVXxW0L3A33","Ariana Grande","pov","Republic Records",18,195,99,"727277"
197,"spotify:track:1Slwb6dOYkBlWal1PGtnNg","Ed Sheeran","Thinking out Loud","Atlantic Records UK",43,-1,888,"726222"
198,"spotify:track:7a53HqqArd4b9NF4XAmlbI","Ava Max","Kings & Queens","Atlantic Records",37,-1,272,"723896"
199,"spotify:track:4hSJUp6k7QeHLxU32MrLIU","KASIMIR1441, badmómzjay, WILDBWOYS","Ohne Dich","Bis Es Klappt Records",67,164,23,"722932"
200,"spotify:track:003vvx7Niy0yvhvHt4a68B","The Killers","Mr. Brightside","Island Records",132,-1,316,"722546"
