rank,uri,artist_names,track_name,source,peak_rank,previous_rank,days_on_chart,streams
1,"spotify:track:2GxrNKugF82CnoRFbQfzPf","Artemas","i like the way you kiss me","Artemas",1,4,14,"8377006"
2,"spotify:track:6tNQ70jh4OwmPGpYy6R2o9","Benson Boone","Beautiful Things","Night Street Records, Inc./Warner Records Inc.",1,1,75,"7893673"
3,"spotify:track:3qhlB30KknSejmIvZZLjOD","Djo","End of Beginning","Djo",1,2,46,"7728455"
4,"spotify:track:51ZQ1vr10ffzbwIjDCwqm4","Ariana Grande","we can't be friends (wait for your love)","Republic Records",1,3,26,"7658676"
5,"spotify:track:0AjmK0Eai4zGrLaJwPvrDp","Hozier","Too Sweet","Rubyworks / Universal-Island Records Ltd",5,6,12,"6749429"
6,"spotify:track:2tudvzsrR56uom6smgOcSf","Future, Metro Boomin, Kendrick Lamar","Like That","Wilburn Holding Co./Boominati/Epic/Republic",4,5,12,"6435065"
7,"spotify:track:7wLShogStyDeZvL0a6daN5","Beyoncé","TEXAS HOLD 'EM","Parkwood Entertainment/Columbia",1,7,51,"4967173"
8,"spotify:track:6XjDF6nds4DE2BBbagZol6","FloyyMenor, Cris Mj","Gata Only","FloyyMenor under exclusive license to UnitedMasters LLC",8,8,53,"4871352"
9,"spotify:track:3rUGC1vUpkDG9CZFHMur1t","Tate McRae","greedy","RCA Records Label",1,9,201,"4643155"
10,"spotify:track:3w0w2T288dec0mgeZZqoNN","¥$, Kanye West, Ty Dolla $ign, Rich The Kid, Playboi Carti","CARNIVAL","Ye",1,10,53,"4284339"
11,"spotify:track:17phhZDn6oGtzMe56NuWvj","Teddy Swims","Lose Control","Warner Records",5,11,139,"4263614"
12,"spotify:track:1BxfuPKGuaTgP7aM0Bbdwr","Taylor Swift","Cruel Summer","Taylor Swift",2,12,422,"3966010"
13,"spotify:track:1VNWdmXSbaNrnWod10WIL0","The Weeknd, JENNIE, Lily-Rose Depp","One Of The Girls (with JENNIE, Lily Rose Depp)","Universal Republic Records",2,13,178,"3604402"
14,"spotify:track:1aKvZDoLGkNMxoRYgkckZG","ILLIT","Magnetic","BELIFT LAB",14,14,9,"3481492"
15,"spotify:track:5LhI8m7n8xlQmNe3b7Rwis","Natanael Cano, Oscar Maydon","Madonna","WEA Latina",15,16,25,"3318379"
16,"spotify:track:0mflMxspEfB0VbI1kyLiAv","Noah Kahan","Stick Season","Mercury Records/Republic Records",6,19,176,"3309655"
17,"spotify:track:7bywjHOc0wSjGGbj04XbVi","Feid, ATL Jacob","LUNA","UMLE - Latino",7,17,120,"3296721"
18,"spotify:track:3vkCueOmm7xQDoJ17W1Pm3","Mitski","My Love Mine All Mine","Dead Oceans",2,15,197,"3260746"
19,"spotify:track:6zuPQl2RVqQ4y5nAH61CFC","Beyoncé, Miley Cyrus","II MOST WANTED","Parkwood Entertainment/Columbia",7,18,5,"3148630"
20,"spotify:track:28drn6tQo95MRvO0jQEo5C","Future, Metro Boomin, Travis Scott, Playboi Carti","Type Shit","Wilburn Holding Co./Boominati/Epic/Republic",5,24,12,"2996119"
21,"spotify:track:2o1pb13quMReXZqE7jWsgq","Ariana Grande","intro (end of the world)","Republic Records",14,22,26,"2968369"
22,"spotify:track:1bjeWoagtHmUKputLVyDxQ","SZA","Saturn","Top Dawg Entertainment/RCA Records",12,23,40,"2899508"
23,"spotify:track:0R6NfOiLzLj4O5VbYSJAjf","Xavi","La Diabla","Interscope Records",1,20,117,"2894747"
24,"spotify:track:42VsgItocQwOQC3XWZ8JNA","Travis Scott, Playboi Carti","FE!N (feat. Playboi Carti)","Cactus Jack/Epic",3,21,205,"2854073"
25,"spotify:track:3U5JVgI2x4rDyHGObzJfNf","Natasha Bedingfield","Unwritten","Sony Music CG",14,30,83,"2741058"
26,"spotify:track:5XeFesFbtLpXzIVDNQP22n","Arctic Monkeys","I Wanna Be Yours","Domino Recording Co",11,25,636,"2723822"
27,"spotify:track:0dEAiKNbHt4mrjjoiL0loc","Xavi","Corazón de Piedra","Interscope Records",24,26,12,"2652088"
28,"spotify:track:52eIcoLUM25zbQupAZYoFh","21 Savage","redrum","Slaughter Gang, LLC/Epic Records",6,27,82,"2585420"
29,"spotify:track:7iUtQNMRB8ZkKC4AmEuCJC","Myke Towers","LA FALDA","WEA Latina",20,28,98,"2563305"
30,"spotify:track:3Pbp7cUCx4d3OAkZSCoNvn","Michael Marcagi","Scared To Start","Warner Records",27,33,64,"2455722"
31,"spotify:track:0hKtu53OlIFXVuYkZwcn3o","Future, Metro Boomin, Travis Scott","Cinderella","Wilburn Holding Co./Boominati/Epic/Republic",11,31,12,"2425339"
32,"spotify:track:6Qb7YsAqH4wWFUMbGsCpap","Dua Lipa","Training Season","Warner Records",7,41,47,"2413865"
33,"spotify:track:7EWtB4NKYY3NqBl31PVip9","Peso Pluma, Tito Double P, Joel De La P","LA PEOPLE II","Double P Records",31,32,12,"2402617"
34,"spotify:track:4OMJGnvZfDvsePyCwRGO7X","Dua Lipa","Houdini","Warner Records",2,45,145,"2386640"
35,"spotify:track:1VxEaXbIq3xAvqh80xP67w","Beyoncé","JOLENE","Parkwood Entertainment/Columbia",8,29,5,"2364977"
36,"spotify:track:5aIVCx5tnk0ntmdiinnYvw","Tyla","Water","FAX Records/Epic",8,35,197,"2353082"
37,"spotify:track:2uqYupMHANxnwgeiXTZXzd","Dasha","Austin (Boots Stop Workin')","Warner Records",37,42,24,"2325797"
38,"spotify:track:2HRgqmZQC0MC7GeNuDIXHN","Jung Kook, Latto","Seven (feat. Latto) (Explicit Ver.)","BIGHIT MUSIC",1,37,264,"2280291"
39,"spotify:track:6tNgRQ0K2NYZ0Rb9l9DzL8","Olivia Rodrigo","obsessed","Olivia Rodrigo PS",13,34,12,"2279250"
40,"spotify:track:3hRV0jL3vUpRrcy398teAU","Lord Huron","The Night We Met","Play It Again Sam",24,46,610,"2273708"
41,"spotify:track:7MXVkk9YMctZqd1Srtv4MB","The Weeknd, Daft Punk","Starboy","Universal Republic Records",1,39,1276,"2256888"
42,"spotify:track:4xhsWYTOGcal8zt0J161CU","Jack Harlow","Lovin On Me","Generation Now/Atlantic",2,36,145,"2255536"
43,"spotify:track:4KULAymBBJcPRpk1yO4dOG","Zach Bryan, Kacey Musgraves","I Remember Everything (feat. Kacey Musgraves)","Warner Records",13,43,221,"2247777"
44,"spotify:track:6WO7IDGLakjO38lsvI2gHB","Benson Boone","Slow It Down","Night Street Records, Inc./Warner Records Inc.",42,51,12,"2233757"
45,"spotify:track:5D34wRmbFS29AjtTOP2QJe","Ariana Grande","yes, and?","Republic Records",1,40,82,"2217412"
46,"spotify:track:3Ua0m0YmEjrMi9XErKcNiR","Jimin","Like Crazy","BIGHIT MUSIC",1,38,373,"2207124"
47,"spotify:track:57wp7VFnV8X0pSVnYArGeJ","Bryson Tiller","Whatever She Wants","TrapSoul/RCA Records",31,47,44,"2184135"
48,"spotify:track:7iQXYTyuG13aoeHxGG28Nh","Bad Bunny, Feid","PERRO NEGRO","Rimas Entertainment LLC",3,50,173,"2152522"
49,"spotify:track:0Lmbke3KNVFXtoH2mMSHCw","Ariana Grande","the boy is mine","Republic Records",9,49,26,"2142611"
50,"spotify:track:6me7F0aaZjwDo6RJ5MrfBD","Richy Mitch & The Coal Miners","Evergreen","Richy Mitch & The Coal Miners",45,52,81,"2124388"
51,"spotify:track:6Y4rniIxibegzsg8cdWAWV","Beyoncé","BODYGUARD","Parkwood Entertainment/Columbia",17,44,5,"2097228"
52,"spotify:track:0PBTlQ84CBJF0tBnKGmQa6","V","FRI(END)S","BIGHIT MUSIC",7,48,19,"2085913"
53,"spotify:track:7jtQIBanIiJOMS6RyCx6jZ","Tom Odell","Another Love","ITNO/Columbia",11,54,1084,"2052885"
54,"spotify:track:4Dvkj6JhhA12EX05fT7y2e","Harry Styles","As It Was","Columbia",1,55,734,"2050640"
55,"spotify:track:2Zo1PcszsT9WQ0ANntJbID","Sabrina Carpenter","Feather","Island Records",31,64,123,"1982578"
56,"spotify:track:1kuGVB7EU95pJObxwvfwKS","Olivia Rodrigo","vampire","Olivia Rodrigo PS",1,60,278,"1981802"
57,"spotify:track:7DSAEUvxU8FajXtRloy8M0","Miley Cyrus","Flowers","Columbia",1,56,446,"1969085"
58,"spotify:track:5RqSsdzTNPX1uzkmlHCFvK","KAROL G, Peso Pluma","QLONA","Bichota/Interscope Records",4,57,236,"1968868"
59,"spotify:track:1ACA277B6f46DYCgZW8di3","Artemas","if u think i'm pretty","Artemas",59,77,15,"1927027"
60,"spotify:track:5XVdHRf4CAJ2Jm0uMIy5qY","Xavi","La Víctima","Interscope Records",6,53,133,"1925302"
61,"spotify:track:6wf7Yu7cxBSPrRlWeSeK0Q","Billie Eilish","What Was I Made For? [From The Motion Picture ""Barbie""]","Darkroom/Interscope Records",2,62,265,"1918554"
62,"spotify:track:2KslE17cAJNHTsI2MI0jb2","Jung Kook","Standing Next to You","BIGHIT MUSIC",1,61,151,"1911334"
63,"spotify:track:4fYte8ZvTK14NEhAOZocBi","OneRepublic","I Ain't Worried","Interscope Records",7,70,666,"1898981"
64,"spotify:track:3h5TiWTqGxjSjFrbruPFH9","YG Marley","Praise Jah In The Moonlight","YG Marley Music",10,58,68,"1873110"
65,"spotify:track:7qEHsqek33rTcFNT9PFqLf","Lewis Capaldi","Someone You Loved","Vertigo Berlin",4,71,1899,"1857622"
66,"spotify:track:7GUhiAHLoVy1V8ucQuZ3CB","The Weeknd, Playboi Carti, Madonna","Popular (with Playboi Carti & Madonna)","Universal Republic Records",10,67,306,"1852853"
67,"spotify:track:4bw8mcDUSRWfQo63ZTYRnU","Maluma, Carin Leon","Según Quién","Sony Music Latin",16,66,202,"1851059"
68,"spotify:track:6uIIdjYTxxpWOyWuVXrKQO","Calle 24, Chino Pacas, Fuerza Regida","Que Onda","Street Mob Records - Rancho Humilde",13,65,215,"1849293"
69,"spotify:track:3FqUPvubYeRCMsdJ02QyZR","Fuerza Regida","TÚ NAME","Rancho Humilde/Street Mob Records",69,72,31,"1834438"
70,"spotify:track:5uQ7de4EWjb3rkcFxyEOpu","Mark Ambor","Belong Together","Hundred Days Records, LLC",70,88,8,"1824699"
71,"spotify:track:0VjIjW4GlUZAMYd2vXMi3b","The Weeknd","Blinding Lights","Republic Records",1,73,1587,"1807621"
72,"spotify:track:2UDARQiksl207HcSduDpov","Beyoncé, Post Malone","LEVII'S JEANS","Parkwood Entertainment/Columbia",22,59,5,"1804609"
73,"spotify:track:69phA1R4gmQsBFRQ3INW8C","Rich Amiri","ONE CALL","Internet Money Records / 10K Projects",39,63,65,"1803041"
74,"spotify:track:59NraMJsLaMCVtwXTSia8i","cassö, RAYE, D-Block Europe","Prada","Ministry of Sound Recordings",14,91,229,"1767946"
75,"spotify:track:2LBqCSwhJGcFQeTHMVGwy3","The Weeknd","Die For You","Universal Republic Records",9,78,790,"1758423"
76,"spotify:track:6dpLxbF7lfCAnC9QRTjNLK","Good Neighbours","Home","Some Action",56,76,61,"1746096"
77,"spotify:track:1odExI7RdWc4BT515LTAwj","David Kushner","Daylight","Miserable Music Group, LLC",4,83,355,"1731592"
78,"spotify:track:1zi7xx7UVEFkmKfv06H8x0","Drake, Wizkid, Kyla","One Dance","Cash Money Records/Young Money Ent./Universal Rec.",5,68,1286,"1727964"
79,"spotify:track:4iZ4pt7kvcaH6Yo8UoZ4s2","SZA","Snooze","Top Dawg Entertainment/RCA Records",25,80,471,"1720314"
80,"spotify:track:4uUG5RXrOk84mYEfFvj3cK","David Guetta, Bebe Rexha","I'm Good (Blue)","Parlophone UK",1,89,584,"1693786"
81,"spotify:track:3tt9i3Hhzq84dPS8H7iSiJ","Manuel Turizo","La Bachata","Sony Music Latin/La Industria",3,94,640,"1670579"
82,"spotify:track:2H2ytI7ompfNmRkI2sq8Uk","Camila Cabello, Playboi Carti","I LUV IT (feat. Playboi Carti)","Geffen/Interscope Records",69,105,6,"1664328"
83,"spotify:track:56y1jOTK0XSvJzVv9vHQBK","Doja Cat","Paint The Town Red","Kemosabe Records/RCA Records",1,87,243,"1662715"
84,"spotify:track:1njlnn8ZKHI77Pe9szIONR","BABYMONSTER","SHEESH","YG Entertainment",69,69,2,"1662322"
85,"spotify:track:0kdqcbwei4MDWFEX5f33yG","Creepy Nuts","Bling-Bang-Bang-Born","Sony Music Labels Inc.",52,86,81,"1656319"
86,"spotify:track:0RiRZpuVRbi7oqRdSMwhQY","Post Malone, Swae Lee","Sunflower - Spider-Man: Into the Spider-Verse","Republic Records",1,85,1938,"1649419"
87,"spotify:track:2QjOHCTQ1Jl3zawyYOpxh6","The Neighbourhood","Sweater Weather","Columbia",19,84,1317,"1647144"
88,"spotify:track:0QRhtV1MwywpkLTvCdMaWq","G-Eazy","Lady Killers II","G-EAZY",88,90,8,"1642287"
89,"spotify:track:4SqWKzw0CbA05TGszDgMlc","The Walters","I Love You So","Warner Records",18,118,689,"1623628"
90,"spotify:track:27a8HLPwti6tmgQ6FR8aVI","Beyoncé","DAUGHTER","Parkwood Entertainment/Columbia",20,75,5,"1623452"
91,"spotify:track:1Rweq7vNjK4kZBbGrmxQsl","Ariana Grande","bye","Republic Records",7,96,26,"1612315"
92,"spotify:track:2WfaOiMkCvy7F5fcp2zZ8L","a-ha","Take on Me","Rhino",39,104,279,"1591030"
93,"spotify:track:3AJwUDP919kvQ9QcozQPxg","Coldplay","Yellow","Parlophone UK",29,92,1188,"1587874"
94,"spotify:track:5qaEfEh1AtSdrdrByCP7qR","Imagine Dragons","Demons","Kid Ina Korner / Interscope",94,131,474,"1581966"
95,"spotify:track:6ocGUvvzNkvf4hAV9VFb4P","Beyoncé","AMERIICAN REQUIEM","Parkwood Entertainment/Columbia",14,74,5,"1581557"
96,"spotify:track:6RcAHyC5sAUIbPTkhOQwd8","Junior H","Y LLORO","WEA Latina",53,98,175,"1579513"
97,"spotify:track:5uCax9HTNlzGybIStD3vDh","James Arthur","Say You Won't Let Go","Columbia",7,119,2085,"1574095"
98,"spotify:track:7KA4W4McWYRpgf0fWsJZWB","Tyler, The Creator, Kali Uchis","See You Again (feat. Kali Uchis)","Columbia",13,99,395,"1569655"
99,"spotify:track:5UcUppRaEIBMIHXiUFl7LI","Beyoncé, Linda Martell, Shaboozey","SPAGHETTII","Parkwood Entertainment/Columbia",19,79,5,"1564076"
100,"spotify:track:0LMwmV37RCmBO2so0szAFs","Kygo, Ava Max","Whatever","Kygo/RCA Records",78,120,74,"1561562"
101,"spotify:track:7yq4Qj7cqayVTp3FF9CWbm","Vance Joy","Riptide","F-Stop Records/Atlantic",28,95,1147,"1559590"
102,"spotify:track:1Qrg8KqiBpW07V7PNxwwwL","SZA","Kill Bill","Top Dawg Entertainment/RCA Records",1,113,481,"1554339"
103,"spotify:track:3OxL6MuctgZp1e0zxoAZhH","Future, Metro Boomin, The Weeknd","Young Metro","Wilburn Holding Co./Boominati/Epic/Republic",12,101,12,"1545414"
104,"spotify:track:2LawezPeJhN4AWuSB0GtAU","Creedence Clearwater Revival","Have You Ever Seen The Rain","Craft Recordings",74,109,221,"1528781"
105,"spotify:track:1mea3bSkSGXuIRvnydlB5b","Coldplay","Viva La Vida","Parlophone UK",44,103,584,"1527187"
106,"spotify:track:7x5ziCOQFir0AQN8dFisK6","Beyoncé","16 CARRIAGES","Parkwood Entertainment/Columbia",23,82,9,"1526354"
107,"spotify:track:2tpWsVSb9UEmDRxAl1zhX1","OneRepublic","Counting Stars","Mosley / Interscope",78,116,1083,"1525776"
108,"spotify:track:0V3wPSX9ygBnCm8psDIegu","Taylor Swift","Anti-Hero","Taylor Swift",1,106,528,"1525395"
109,"spotify:track:5O2P9iiztwhomNh8xkR9lJ","One Direction","Night Changes","Syco Music",77,107,544,"1524426"
110,"spotify:track:5g7sDjBhZ4I3gcFIpkrLuI","Bruno Mars","Locked out of Heaven","Atlantic Records",36,110,653,"1522363"
111,"spotify:track:3LJeR75SmszOUSvE1qNZDF","Beyoncé, Tanner Adell, Brittney Spencer, Tiera Kennedy, Reyna Roberts","BLACKBIIRD","Parkwood Entertainment/Columbia",16,81,5,"1513192"
112,"spotify:track:58ge6dfP91o9oXMzq3XkIS","Arctic Monkeys","505","Domino Recording Co",40,123,823,"1505383"
113,"spotify:track:0yc6Gst2xkRu0eMLeRMGCX","Cigarettes After Sex","Apocalypse","Partisan Records",69,100,606,"1504608"
114,"spotify:track:3lwK3WyKAI5bUuGY1OgGbZ","LE SSERAFIM","Smart","SOURCE MUSIC",68,112,43,"1503181"
115,"spotify:track:1dGr1c8CrMLDpV6mPbImSI","Taylor Swift","Lover","Taylor Swift",2,97,432,"1500608"
116,"spotify:track:1pnDvUuAEd6z8bKEsbAjk1","Future, Metro Boomin","We Don't Trust You","Wilburn Holding Co./Boominati/Epic/Republic",7,117,12,"1497996"
117,"spotify:track:6dBUzqjtbnIa1TwYbyw5CM","TV Girl","Lovers Rock","TV Girl",92,124,273,"1497938"
118,"spotify:track:3xKsf9qdS1CyvXSMEid6g8","Frank Ocean","Pink + White","Boys Don't Cry",59,111,309,"1493017"
119,"spotify:track:2x2olWuWXpqjoeE4bO1NFS","Flo Milli","Never Lose Me","'94 Sounds/RCA Records",23,102,73,"1489014"
120,"spotify:track:0K9tfzrxJyCQIf7oAlPwaK","Beyoncé","YA YA","Parkwood Entertainment/Columbia",33,93,5,"1488654"
121,"spotify:track:505v13epFXodT9fVAJ6h8k","KAROL G","AMARGURA","Universal Music Latino",50,115,318,"1485980"
122,"spotify:track:3hxIUxnT27p5WcmjGUXNwx","Hotel Ugly","Shut up My Moms Calling","Hotel Ugly, under exclusive license to Amuseio AB",65,125,445,"1480462"
123,"spotify:track:6dgUya35uo964z7GZXM07g","Sabrina Carpenter","Nonsense","Island Records",12,149,439,"1472458"
124,"spotify:track:6RUKPb4LETWmmr3iAEQktW","The Chainsmokers, Coldplay","Something Just Like This","Disruptor Records/Columbia",2,130,1397,"1463566"
125,"spotify:track:6YOfGIE6iFxC7G8OlGGvzW","Junior H","ROCKSTAR","WEA Latina",80,127,31,"1458570"
126,"spotify:track:1JSTJqkT5qHq8MDJnJbRE1","The Police","Every Breath You Take","Polydor Records",52,108,902,"1456023"
127,"spotify:track:2eAvDnpXP5W0cVtiI0PUxV","Ruth B.","Dandelions","Columbia",32,132,930,"1454873"
128,"spotify:track:4R2kfaDFhslZEMJqAFNpdd","Taylor Swift","cardigan","Taylor Swift",1,121,483,"1451442"
129,"spotify:track:3WMj8moIAXJhHsyLaqIIHI","Zach Bryan","Something in the Orange","Warner Records",53,122,458,"1449407"
130,"spotify:track:3dYD57lRAUcMHufyqn9GcI","Hozier","Take Me To Church","Universal-Island Records Ltd.",91,140,895,"1448706"
131,"spotify:track:6I3mqTwhRpn34SLVafSH7G","Justin Bieber","Ghost","RBMG/Def Jam",10,155,902,"1435169"
132,"spotify:track:4EWCNWgDS8707fNSZ1oaA5","Kanye West","Heartless","Roc-A-Fella",72,148,262,"1433361"
133,"spotify:track:05WVKTdZhlIMX4qqMLuo0f","Peso Pluma, Anitta","BELLAKEO","Double P Records",8,114,116,"1430460"
134,"spotify:track:3aAnwyBJY9OLNLqSgd4fZU","TOMORROW X TOGETHER","Deja Vu","Republic Records - TXT",134,138,2,"1427305"
135,"spotify:track:60a0Rd6pjrkxjPbaKzXjfq","Linkin Park","In the End","Warner Records",7,152,344,"1425137"
136,"spotify:track:6gBFPUFcJLzWGx4lenP6h2","Travis Scott","goosebumps","Cactus Jack / Epic",10,129,1689,"1412235"
137,"spotify:track:7lQ8MOhq6IN2w8EYcFNSUk","Eminem","Without Me","Aftermath",29,146,914,"1410104"
138,"spotify:track:1zv3WFUbZ5vPxFq9I2jAU1","Rihanna, Calvin Harris","We Found Love","Def Jam Recordings",18,157,369,"1397223"
139,"spotify:track:0h3Xy4V4apMraB5NuM8U7Z","CYRIL","Stumblin' In","Spinnin' Records",131,164,10,"1388010"
140,"spotify:track:7K3BhSpAxZBznislvUMVtn","Morgan Wallen","Last Night","Big Loud Records / Mercury Records / Republic Records",10,144,414,"1381996"
141,"spotify:track:4gbVRS8gloEluzf0GzDOFc","Maroon 5","Maps","Interscope Records*",141,181,86,"1379102"
142,"spotify:track:3RwWW7KeVhHGayYJgUL5eZ","Ariana Grande","eternal sunshine","Republic Records",10,133,26,"1378238"
143,"spotify:track:1yeB8MUNeLo9Ek1UEpsyz6","Drake, Sexyy Red, SZA","Rich Baby Daddy (feat. Sexyy Red & SZA)","OVO/Republic",22,154,171,"1372581"
144,"spotify:track:2N0SPREDYqILVEFSsWF5N5","V","Love Me Again","BIGHIT MUSIC",10,134,236,"1372515"
145,"spotify:track:11sirgYaEutV40tkvgpHN6","j-hope, Gaeko, YOON MIRAE","NEURON (with Gaeko & YOON MIRAE)","BIGHIT MUSIC",39,128,5,"1371321"
146,"spotify:track:4RvWPyQ5RL0ao9LPZeSouE","Tears For Fears","Everybody Wants To Rule The World","UMC (Universal Music Catalogue)",80,145,553,"1366969"
147,"spotify:track:0u2P5u6lvoDfwTYjAADbn4","Billie Eilish, Khalid","lovely (with Khalid)","Darkroom",19,139,2163,"1361768"
148,"spotify:track:51qYdMBxt9mFbtZBzq1Yfi","Julión Álvarez y su Norteño Banda","Regalo De Dios","UMLE - Fonovisa",76,135,46,"1360625"
149,"spotify:track:0QoaFLmBJyuVuzOIGy6iCS","The Academy: Segunda Misión, Sech, Justin Quiles, Lenny Tavárez, Dalex, Dímelo Flow, Myke Towers","LA RANGER (feat. Myke Towers)","WEA Latina",127,168,3,"1356239"
150,"spotify:track:593knnQN4REEshx8th9zgK","Kenya Grace","Strangers","Major Recordings/Warner Records",3,162,215,"1355292"
151,"spotify:track:6UelLqGlWMcVH1E5c4H7lY","Harry Styles","Watermelon Sugar","Columbia",4,171,1443,"1354832"
152,"spotify:track:4UkUxO2WlKLc0Q1iEutGGh","KAROL G, Tiësto","CONTIGO (with Tiësto)","Bichota/Interscope Records",22,156,48,"1352683"
153,"spotify:track:3B54sVLJ402zGa6Xm4YGNe","French Montana, Swae Lee","Unforgettable","Bad Boy Entertainment/Epic Records",3,136,586,"1351375"
154,"spotify:track:1vYXt7VSjH9JIM5oRRo7vA","Dua Lipa","Dance The Night - From Barbie The Album","Atlantic Records",4,159,312,"1350453"
155,"spotify:track:7BqBn9nzAq8spo5e7cZ0dJ","Bruno Mars","Just the Way You Are","Atlantic Records",32,158,461,"1349971"
156,"spotify:track:22skzmqfdWrjJylampe0kt","Macklemore & Ryan Lewis, Macklemore, Ryan Lewis, Ray Dalton","Can't Hold Us (feat. Ray Dalton)","Macklemore",57,179,740,"1329734"
157,"spotify:track:1whKKdtCiFjN7MW7DrIRUH","Zeynep Bastık","Lan","Hypers",21,126,20,"1319938"
158,"spotify:track:0pqnGHJpmpxLKifKRmU6WP","Imagine Dragons","Believer","Kid Ina Korner / Interscope",15,161,2580,"1319717"
159,"spotify:track:6CvTEtGagmzQvkUzzyKR9k","Fuerza Regida, Marshmello","HARLEY QUINN","Rancho Humilde/Street Mob Records",10,143,160,"1316299"
160,"spotify:track:2O4Bb2WCkjlTPO827OnBMI","LE SSERAFIM","EASY","SOURCE MUSIC",52,142,43,"1314890"
161,"spotify:track:0ll8uFnc0nANY35E0Lfxvg","Keane","Somewhere Only We Know","Universal-Island Records Ltd.",63,174,509,"1314679"
162,"spotify:track:4L1iecYPJR1qc9tz5Zjkw9","Gabito Ballesteros, Natanael Cano","El Boss","Los CT Records",137,137,4,"1313601"
163,"spotify:track:1xK59OXxi2TAAAbmZK0kBL","d4vd","Romantic Homicide","Darkroom/Interscope Records",17,150,574,"1311222"
164,"spotify:track:086myS9r57YsLbJpU0TgK9","Arctic Monkeys","Why'd You Only Call Me When You're High?","Domino Recording Co",85,167,800,"1311093"
165,"spotify:track:3hUxzQpSfdDqwM3ZTFQY0K","Taylor Swift","august","Taylor Swift",4,175,409,"1306931"
166,"spotify:track:4rXLjWdF2ZZpXCVTfWcshS","Gunna","fukumean","300 Entertainment",6,193,283,"1297460"
167,"spotify:track:5gDWsRxpJ2lZAffh5p7K0w","The Weeknd, Lana Del Rey","Stargirl Interlude","Universal Republic Records",79,153,588,"1296763"
168,"spotify:track:4tKGFmENO69tZR9ahgZu48","Sophie Ellis-Bextor","Murder On The Dancefloor","Polydor Records",12,176,94,"1295469"
169,"spotify:track:01qFKNWq73UfEslI0GvumE","Jung Kook, Jack Harlow","3D (feat. Jack Harlow)","BIGHIT MUSIC",1,147,187,"1291208"
170,"spotify:track:5QO79kh1waicV47BqGRL3g","The Weeknd","Save Your Tears","Republic Records",2,180,1170,"1288723"
171,"spotify:track:5PyDJG7SQRgWXefgexqIge","Doja Cat","Agora Hills","Kemosabe Records/RCA Records",13,169,194,"1286896"
172,"spotify:track:68Dni7IE4VyPkTOH9mRWHr","J. Cole","No Role Modelz","Roc Nation Records LLC",65,185,995,"1284148"
173,"spotify:track:2nLtzopw4rPReszdYBJU6h","Linkin Park","Numb","Warner Records",12,194,120,"1282704"
174,"spotify:track:2HafqoJbgXdtjwCOvNEF14","iñigo quintero","Si No Estás","Acqustic",1,178,191,"1281568"
175,"spotify:track:3USxtqRwSYz57Ewm6wWRMp","Glass Animals","Heat Waves","Polydor Records",1,190,1175,"1279585"
176,"spotify:track:0WIv5qV41y6YjjB9V1biuC","Muni Long","Made For Me","Supergiant Records, LLC / Def Jam Recordings",97,163,47,"1279178"
177,"spotify:track:2a1o6ZejUi8U3wzzOtCOYw","Don Omar, Lucenzo","Danza Kuduro","UMLE - Machete",87,160,188,"1278119"
178,"spotify:track:6EIMUjQ7Q8Zr2VtIUik4He","Henry Moodie","drunk text","Robots & Humans/Columbia",151,172,6,"1276531"
179,"spotify:track:5Jh1i0no3vJ9u4deXkb4aV","Olivia Rodrigo","so american","Olivia Rodrigo PS",36,166,10,"1275668"
180,"spotify:track:3NtCIBBz5pEAVGeHL4h5mS","Beyoncé, Dolly Parton","TYRANT","Parkwood Entertainment/Columbia",64,151,5,"1269691"
181,"spotify:track:3QJsSWa0Xo8MfaRn1gr4Be","Isabel LaRosa","favorite","Slumbo Labs/RCA Records",181,-1,2,"1269364"
182,"spotify:track:6JIC3hbC28JZKZ8AlAqX8h","Elton John, Dua Lipa, PNAU","Cold Heart - PNAU Remix","EMI",2,192,913,"1268133"
183,"spotify:track:4E63weMCaNZuGPEFMnuEi8","Tate McRae","exes","RCA Records Label",20,188,134,"1264867"
184,"spotify:track:54ipXppHLA8U4yqpOFTUhr","Imagine Dragons","Bones","Kid Ina Korner / Interscope",27,-1,672,"1264448"
185,"spotify:track:161DnLWsx1i3u1JT05lzqU","Bruno Mars","Talking to the Moon","Atlantic Records",42,197,383,"1259801"
186,"spotify:track:19kHhX6f6EfLU7rcO3RqjO","Jungle","Back On 74","Caiola Records",177,177,6,"1257922"
187,"spotify:track:4KW1lqgSr8TKrvBII0Brf8","Kanye West","Father Stretch My Hands Pt. 1","Rock The World/IDJ/Kanye LP7",64,-1,114,"1255945"
188,"spotify:track:561jH07mF1jHuk7KlaeF0s","Eminem","Mockingbird","Aftermath",20,198,534,"1237812"
189,"spotify:track:1FEiijYPJtyswChfcpv3p0","Lana Del Rey","Summertime Sadness","Polydor Records",74,186,592,"1236006"
190,"spotify:track:1ei3hzQmrgealgRKFxIcWn","Benson Boone","In The Stars","Warner Records",49,191,179,"1234879"
191,"spotify:track:09CnYHiZ5jGT1wr1TXJ9Zt","Dimitri Vegas & Like Mike, Tiësto, Dido, W&W, Dimitri Vegas, Like Mike","Thank You (Not So Bad)","Ministry of Sound Recordings",152,-1,32,"1224299"
192,"spotify:track:4wS0TnQzVkY9ML1BPKpOk1","Tiago PZK, Ke Personajes","Piel","WEA Latina",192,199,2,"1220735"
193,"spotify:track:3koE8h6ORJ28j0xEPO4n6K","Beyoncé, Rumi Carter","PROTECTOR","Parkwood Entertainment/Columbia",25,141,5,"1219637"
194,"spotify:track:2K7xn816oNHJZ0aVqdQsha","The Neighbourhood","Softcore","Columbia",31,200,269,"1217722"
195,"spotify:track:4xqrdfXkTW4T0RauPLv3WA","Conan Gray","Heather","Republic Records",11,-1,1034,"1214720"
196,"spotify:track:1kqH58eGh2ZTOHwqBIB2tM","Mesita, Nicki Nicole, Tiago PZK, Emilia","Una Foto Remix (feat. Emilia)","Mesita",51,173,83,"1213373"
197,"spotify:track:1hZsWUnLbqRw09jLAMQSsb","Feid, Young Miko","CLASSY 101","UMLE - Latino",6,-1,361,"1213127"
198,"spotify:track:48vIfHaK7by6x0T6ucpODL","Madison Beer","Make You Mine","Epic/Sing It Loud",110,-1,20,"1212217"
199,"spotify:track:2Hh3ETdQKrmSI3QS0hme7g","Metro Boomin, Future, Don Toliver","Too Many Nights (feat. Don Toliver & with Future)","Republic Records",26,-1,347,"1209386"
200,"spotify:track:3azJifCSqg9fRij2yKIbWz","Tory Lanez","The Color Violet","One Umbrella Records",60,-1,374,"1206871"
